0 0 0 7.0710678118654755 7.0710678118654755
0.001 0.0070534195683266722 0.0070485227331181302 7.0358007140238419 7.0260151981998842
0.002 0.014071660059793515 0.014052105296619953 7.0007095115665079 6.9811872853823758
0.0030000000000000001 0.021054896930778569 0.021010971830536788 6.9657933272115828 6.9365829527127918
0.0040000000000000001 0.028003304762567113 0.027925345356996353 6.9310512880526396 6.8922010850804938
0.0050000000000000001 0.034917057265716839 0.034795447785799127 6.8964825255368911 6.8480405729364797
0.0060000000000000001 0.041796327284400414 0.041621499919965818 6.8620861754434737 6.8041003122656463
0.0070000000000000001 0.048641286800726678 0.048403721461257598 6.8278613778618418 6.7603792045591877
0.0080000000000000002 0.055452106939040048 0.055142331015668442 6.7938072771702753 6.7168761567871336
0.0090000000000000011 0.062228957970198701 0.06183754609889032 6.7599230220144824 6.6735900813710245
0.010000000000000002 0.068972009315831223 0.068489583141751048 6.7262077652863193 6.63051989615672
0.011000000000000003 0.075681429552572774 0.07509865749562572 6.6926606641026121 6.5876645243873462
0.012000000000000004 0.082357386416278364 0.081664983437819152 6.6592808797840837 6.5450228946763804
0.013000000000000005 0.089000046806217564 0.088188774176924445 6.6260675778343874 6.5025939409808533
0.014000000000000005 0.095609576789246087 0.09467024185815201 6.5930199279192454 6.4603766025747156
0.015000000000000006 0.10218614160395752 0.10110959756863336 6.5601371038456877 6.4183698240223084
0.016000000000000007 0.10872990566481494 0.10750705134269904 6.527418283541401 6.3765725551519807
0.017000000000000008 0.11524103256626075 0.1138628121671289 6.4948626490341717 6.3349837510298315
0.018000000000000009 0.12171968508680631 0.12017708798637636 6.4624693864314438 6.2936023719335932
0.01900000000000001 0.12816602519310238 0.12645008570776836 6.4302376858999635 6.2524273833266335
0.020000000000000011 0.13458021404398735 0.1326820112066768 6.3981667416455386 6.2114577558320914
0.021000000000000012 0.14096241199451631 0.13887306933166566 6.3662557518928944 6.1706924652071464
0.022000000000000013 0.14731277859997066 0.14502346390961296 6.3345039188656225 6.1301304923174111
0.023000000000000013 0.15363147261984622 0.15113339775080559 6.3029104487662444 6.0897708231114471
0.024000000000000014 0.15991865202182257 0.15720307265400996 6.2714745517563628 6.0496124485954255
0.025000000000000015 0.16617447398571225 0.163232689411517 6.2401954419369146 6.0096543648078899
0.026000000000000016 0.17239909490739022 0.16922244781416199 6.2090723373285241 5.9698955727946643
0.027000000000000017 0.17859267040270355 0.17517254665631884 6.1781044598519577 5.9303350785838802
0.028000000000000018 0.18475535531136225 0.18108318374087085 6.1472910353086645 5.8909718931611206
0.029000000000000019 0.19088730370081017 0.18695455588415527 6.1166312933614249 5.8518050324446982
0.03000000000000002 0.19698866887007629 0.19278685892088362 6.0861244675150941 5.8128335172610566
0.031000000000000021 0.2030596033536077 0.19858028770903779 6.0557697950974374 5.7740563733202865
0.032000000000000021 0.20910025892508255 0.20433503613474119 6.0255665172400628 5.7354726311917688
0.033000000000000022 0.21511078660120481 0.21005129711710666 5.9955138788594518 5.6970813262799425
0.034000000000000023 0.22109133664547953 0.21572926261305858 5.965611128638078 5.6588814988001825
0.035000000000000024 0.22704205857196924 0.22136912362213224 5.9358575190056291 5.6208721937548134
0.036000000000000025 0.23296310114903201 0.22697107019124887 5.9062523061203152 5.5830524609092311
0.037000000000000026 0.23885461240304062 0.23253529141946655 5.8767947498502719 5.545421354768143
0.038000000000000027 0.24471673962208337 0.23806197546270802 5.8474841137550584 5.5079779345519349
0.039000000000000028 0.25054962935964592 0.24355130953846429 5.8183196650672464 5.4707212641731537
0.040000000000000029 0.25635342743827572 0.24900347993047561 5.7893006746740969 5.4336504122130975
0.041000000000000029 0.26212827895322677 0.25441867199338769 5.7604264170993416 5.3967644518985356
0.04200000000000003 0.26787432827608781 0.2597970701573864 5.7316961704850362 5.3600624610785434
0.043000000000000031 0.27359171905839125 0.26513885793280823 5.7031092165735195 5.3235435222014331
0.044000000000000032 0.2792805942352044 0.27044421791472784 5.674664840689454 5.2872067222918364
0.045000000000000033 0.28494109602870293 0.27571333178752333 5.6463623317219609 5.2510511529278574
0.046000000000000034 0.29057336595172667 0.28094638032941843 5.6182009821068419 5.215075910218383
0.047000000000000035 0.29617754481131681 0.28614354341700099 5.5901800878088919 5.17928009478047
0.048000000000000036 0.30175377271223675 0.29130500002972115 5.5622989483042922 5.1436628117168688
0.049000000000000037 0.30730218906047446 0.29643092825436534 5.5345568665631033 5.1082231705936483
0.050000000000000037 0.31282293256672772 0.30152150528950844 5.5069531490318369 5.072960285417933
0.051000000000000038 0.31831614124987179 0.30657690744994365 5.4794871056161165 5.0378732746157571
0.052000000000000039 0.32378195244040964 0.31159731017109027 5.452158049663427 5.0029612610100234
0.05300000000000004 0.3292205027839058 0.31658288801338003 5.4249652979459464 4.9682233717985742
0.054000000000000041 0.33463192824440219 0.32153381466662101 5.3979081706434648 4.9336587385323707
0.055000000000000042 0.34001636410781705 0.32645026295433943 5.37098599132639 4.8992664970937785
0.056000000000000043 0.34537394498532747 0.33133240483810078 5.3441980869388379 4.8650457876749709
0.057000000000000044 0.35070480481673444 0.33618041142180866 5.317543787781803 4.8309957547564313
0.058000000000000045 0.35600907687381145 0.34099445295598241 5.2910224274964186 4.7971155470855624
0.059000000000000045 0.36128689376363604 0.34577469884201317 5.2646333430472954 4.7634043176554091
0.060000000000000046 0.36653838743190531 0.35052131763639921 5.238375874705949 4.7298612236834785
0.061000000000000047 0.37176368916623481 0.35523447705496003 5.2122493660343014 4.6964854265906748
0.062000000000000048 0.37696292959943967 0.35991434397702854 5.1862531638682769 4.6632760919803324
0.063000000000000042 0.38213623871280178 0.36456108444962393 5.1603866183014668 4.6302323896173547
0.064000000000000043 0.38728374583931824 0.36917486369160191 5.1346490826688846 4.5973534934074642
0.065000000000000044 0.3924055796669354 0.37375584609778628 5.1090399135307987 4.5646385813765438
0.066000000000000045 0.3975018682417657 0.37830419524307785 5.083558470656647 4.5320868356500856
0.067000000000000046 0.40257273897128881 0.38282007388654427 5.0582041170090317 4.4996974424327529
0.068000000000000047 0.40761831862753739 0.38730364397548933 5.0329762187277884 4.4674695919880278
0.069000000000000047 0.41263873335026541 0.39175506664950066 5.0078741451141484 4.4354024786179718
0.070000000000000048 0.41763410865010242 0.39617450224447925 4.9828972686149635 4.4034953006430779
0.071000000000000049 0.42260456941169111 0.40056211029664723 4.9580449648070202 4.3717472603822376
0.07200000000000005 0.4275502398968094 0.40491804954653682 4.9333166123814287 4.3401575641327916
0.073000000000000051 0.43247124374747714 0.4092424779429582 4.90871159312809 4.3087254221506832
0.074000000000000052 0.43736770398904673 0.41353555264694875 4.8842292919202421 4.2774500486307314
0.075000000000000053 0.44223974303327929 0.4177974300357018 4.8598690966990796 4.2463306616869652
0.076000000000000054 0.44708748268140458 0.42202826570647611 4.835630398458453 4.2153664833330939
0.077000000000000055 0.45191104412716654 0.42622821448048631 4.8115125912296426 4.1845567394630425
0.078000000000000055 0.45671054795985228 0.43039743040677242 4.7875150720662143 4.1539006598316135
0.079000000000000056 0.46148611416730778 0.43453606676605211 4.7636372410289365 4.1233974780352138
0.080000000000000057 0.46623786213893681 0.43864427607455192 4.7398785011707911 4.0930464314927146
0.081000000000000058 0.47096591066868632 0.44272221008782098 4.7162382585220444 4.0628467614263695
0.082000000000000059 0.47567037795801553 0.4467700198045238 4.692715922075398 4.0327977128428554
0.08300000000000006 0.48035138161885205 0.45078785547021671 4.6693109037712155 4.0028985345143901
0.084000000000000061 0.48500903867653089 0.45477586658110258 4.6460226184828208 3.973148478959962
0.085000000000000062 0.48964346557272115 0.45873420188776909 4.6228504840018694 3.9435468024266291
0.086000000000000063 0.49425477816833679 0.46266300939890737 4.5997939210237915 3.9140927648709378
0.087000000000000063 0.49884309174643265 0.46656243638501183 4.5768523531333125 3.8847856299404158
0.088000000000000064 0.50340852101508726 0.47043262938206254 4.5540252067900395 3.8556246649551622
0.089000000000000065 0.5079511801102703 0.47427373419518837 4.5313119113141243 3.8266091408895329
0.090000000000000066 0.5124711825986954 0.47808589590231143 4.508711898871999 3.7977383323539171
0.091000000000000067 0.51696864148066035 0.4818692588577756 4.4862246044621736 3.769011517576597
0.092000000000000068 0.52144366919287155 0.48562396669595387 4.4638494659011174 3.7404279783857057
0.093000000000000069 0.52589637761125474 0.48935016233483963 4.4415859238092015 3.7119870001912765
0.09400000000000007 0.53032687805375223 0.49304798797962046 4.4194334215967146 3.6836878719673725
0.09500000000000007 0.5347352812831061 0.49671758512623221 4.3973914054499454 3.6555298862343135
0.096000000000000071 0.53912169750962635 0.50035909456489658 4.3754593243173439 3.6275123390409916
0.097000000000000072 0.54348623639394722 0.50397265638364175 4.353636629895739 3.5996345299472661
0.098000000000000073 0.54782900704976834 0.50755840997180335 4.3319227766166337 3.571895762006458
0.099000000000000074 0.55215011804658221 0.51111649402351045 4.3103172216325643 3.5442953417479228
0.10000000000000007 0.5564496774123886 0.51464704654115123 4.288819424803533 3.5168325791597188
0.10100000000000008 0.56072779263639583 0.51815020483882501 4.2674288486834966 3.4895067876713495
0.10200000000000008 0.56498457067170704 0.52162610554577382 4.2461449585069406 3.4623172841366059
0.10300000000000008 0.56922011793799532 0.52507488460979879 4.2249672221754997 3.4352633888164807
0.10400000000000008 0.5734345403241623 0.52849667730065786 4.2038951102446642 3.4083444253621846
0.10500000000000008 0.57762794319098754 0.53189161821344932 4.1829280959105377 3.381559720798228
0.10600000000000008 0.58180043137376114 0.53525984127197457 4.1620656549966704 3.3549086055056017
0.10700000000000008 0.5859521091849047 0.5386014797320875 4.1413072659409522 3.3283904132050366
0.10800000000000008 0.59008308041658009 0.54191666618502643 4.1206524097825756 3.3020044809403424
0.10900000000000008 0.59419344834328292 0.54520553256072712 4.1001005701490607 3.2757501490618393
0.11000000000000008 0.59828331572442572 0.54846821013112268 4.0796512332433474 3.249626761209861
0.11100000000000008 0.60235278480690568 0.55170482951342414 4.0593038878309473 3.2236336642983541
0.11200000000000009 0.60640195732766222 0.55491552067338723 4.0390580252271642 3.1977702084985382
0.11300000000000009 0.61043093451621899 0.55810041292856016 4.01891313928438 3.1720357472226737
0.11400000000000009 0.61443981709721562 0.56125963495151721 3.9988687263793974 3.1464296371078881
0.11500000000000009 0.61842870529292548 0.56439331477307597 3.978924285400848 3.1209512380000946
0.11600000000000009 0.62239769882576113 0.56750157978549742 3.9590793177366699 3.0955999129379879
0.11700000000000009 0.62634689692076773 0.57058455674567066 3.9393333272616369 3.0703750281371218
0.11800000000000009 0.63027639830810334 0.5736423717782827 3.9196858203249589 3.0452759529740612
0.11900000000000009 0.6341863012255069 0.57667515037897044 3.900136305737941 3.0203020599706227
0.12000000000000009 0.63807670342075562 0.57968301741745965 3.8806842947616973 2.9954527247781759
0.12100000000000009 0.64194770215410657 0.58266609714068451 3.8613293010949423 2.9707273261620517
0.12200000000000009 0.64579939420072985 0.58562451317589603 3.842070840861826 2.9461252459859941
0.1230000000000001 0.64963187585312732 0.58855838853375131 3.8229084325998395 2.9216458691967175
0.1240000000000001 0.65344524292353967 0.59146784561138943 3.8038415972477773 2.8972885838085278
0.12500000000000008 0.65723959074634242 0.59435300619549059 3.7848698581337636 2.8730527808880217
0.12600000000000008 0.66101501418042885 0.59721399146532228 3.7659927409633318 2.8489378545388635
0.12700000000000009 0.66477160761158127 0.60005092199576737 3.7472097738075694 2.8249432018866378
0.12800000000000009 0.6685094649548311 0.60286391776033876 3.7285204870913202 2.8010682230637802
0.12900000000000009 0.67222867965680677 0.60565309813417967 3.7099244135814415 2.7773123211945756
0.13000000000000009 0.67592934469806942 0.60841858189704667 3.6914210883751286 2.7536749023802414
0.13100000000000009 0.67961155259543782 0.61116048723628003 3.6730100488882864 2.7301553756840744
0.13200000000000009 0.68327539540430138 0.61387893174975849 3.6546908348439686 2.7067531531166815
0.13300000000000009 0.6869209647209209 0.61657403244883846 3.6364629882608712 2.6834676496212819
0.13400000000000009 0.69054835168471917 0.6192459057612798 3.6183260534418795 2.6602982830590753
0.13500000000000009 0.69415764698055937 0.62189466753415701 3.600279576962679 2.6372444741946892
0.13600000000000009 0.69774894084101191 0.62452043303675442 3.5823231076604158 2.6143056466817023
0.13700000000000009 0.70132232304861009 0.62712331696344847 3.5644561966224253 2.5914812270482321
0.13800000000000009 0.70487788293809561 0.62970343343657531 3.5466783971749978 2.5687706446825982
0.1390000000000001 0.7084157093986504 0.63226089600928304 3.5289892648722239 2.5461733318190594
0.1400000000000001 0.71193589087612064 0.63479581766837145 3.5113883574848725 2.5236887235236174
0.1410000000000001 0.7154385153752264 0.63730831083711625 3.4938752349893436 2.5013162576798931
0.1420000000000001 0.71892367046176253 0.63979848737807976 3.4764494595566622 2.4790553749750752
0.1430000000000001 0.7223914432647881 0.64226645859590759 3.4591105955415351 2.4569055188859372
0.1440000000000001 0.72584192047880336 0.6447123352401104 3.4418582094714587 2.4348661356649228
0.1450000000000001 0.72927518836591865 0.64713622750783439 3.4246918700358826 2.412936674326303
0.1460000000000001 0.73269133275800979 0.64953824504661428 3.4076111480754268 2.3911165866324029
0.1470000000000001 0.73609043905886451 0.6519184969571159 3.3906156165711532 2.3694053270798947
0.1480000000000001 0.73947259224631756 0.65427709179586357 3.3737048506338878 2.3478023528861569
0.1490000000000001 0.74283787687437441 0.65661413757795273 3.3568784274936032 2.3263071239757109
0.15000000000000011 0.74618637707532653 0.65892974177975228 3.3401359264888431 2.3049191029667129
0.15100000000000011 0.74951817656185316 0.66122401134159003 3.3234769290562101 2.2836377551575251
0.15200000000000011 0.75283335862911482 0.66349705267042636 3.3069010187199019 2.2624625485133429
0.15300000000000011 0.75613200615683573 0.66574897164251512 3.2904077810812966 2.2413929536528987
0.15400000000000011 0.7594142016113764 0.66797987360605049 3.2739968038085934 2.2204284438352224
0.15500000000000011 0.76268002704779381 0.67018986338379949 3.2576676766265065 2.1995684949464764
0.15600000000000011 0.76592956411189395 0.67237904527572423 3.2414199913060058 2.1788125854868539
0.15700000000000011 0.76916289404227278 0.67454752306158783 3.2252533416541116 2.1581601965575348
0.15800000000000011 0.77238009767234705 0.67669540000355044 3.2091673235037406 2.1376108118477215
0.15900000000000011 0.77558125543237488 0.67882277884874953 3.1931615347036013 2.1171639176217263
0.16000000000000011 0.77876644735146694 0.68092976183186904 3.1772355751081411 2.0968190027061291
0.16100000000000012 0.7819357530595874 0.68301645067769567 3.1613890465675394 2.0765755584769958
0.16200000000000012 0.7850892517895437 0.68508294660366142 3.1456215529177576 2.0564330788471668
0.16300000000000012 0.78822702237896858 0.68712935032237432 3.1299326999706327 2.0363910602536026
0.16400000000000012 0.79134914327229011 0.68915576204413576 3.1143220955040252 2.0164490016447951
0.16500000000000012 0.79445569252269321 0.69116228147944714 3.09878934925201 1.9966064044682392
0.16600000000000012 0.79754674779407098 0.69314900784150035 3.0833340728951213 1.9768627726579733
0.16700000000000012 0.80062238636296612 0.69511603984866022 3.0679558800506448 1.9572176126221721
0.16800000000000012 0.80368268512050312 0.69706347572693206 3.0526543862629594 1.9376704332308132
0.16900000000000012 0.80672772057431053 0.69899141321241631 3.0374292089939234 1.9182207458033931
0.17000000000000012 0.80975756885043282 0.70089994955375234 3.0222799676133119 1.8988680640967126
0.17100000000000012 0.81277230569523495 0.70278918151455028 3.007206283389301 1.8796119042927222
0.17200000000000013 0.81577200647729509 0.70465920537581028 2.9922077794790005 1.8604517849864228
0.17300000000000013 0.81875674618928895 0.7065101169383281 2.9772840809190311 1.8413872271738345
0.17400000000000013 0.8217265994498647 0.70834201152509113 2.9624348146161519 1.8224177542400186
0.17500000000000013 0.82468164050550885 0.71015498398366206 2.947659609337931 1.8035428919471639
0.17600000000000013 0.82762194323240146 0.71194912868854887 2.9329580957034684 1.7847621684227302
0.17700000000000013 0.83054758113826388 0.71372453954356474 2.9183299061741566 1.7660751141476512
0.17800000000000013 0.83345862736419607 0.71548130998417547 2.9037746750444953 1.7474812619445967
0.17900000000000013 0.83635515468650534 0.71721953297983632 2.8892920384329486 1.7289801469662924
0.18000000000000013 0.8392372355185258 0.71893930103631454 2.8748816342728469 1.7105713066839017
0.18100000000000013 0.84210494191242802 0.72064070619800347 2.8605431023033359 1.6922542808754577
0.18200000000000013 0.84495834556102134 0.72232384005022243 2.8462760840603689 1.6740286116143617
0.18300000000000013 0.84779751779954571 0.72398879372150826 2.8320802228677469 1.6558938432579327
0.18400000000000014 0.85062252960745499 0.72563565788589157 2.8179551638282012 1.6378495224360172
0.18500000000000014 0.85343345161019124 0.72726452276516396 2.8039005538145196 1.6198951980396545
0.18600000000000014 0.85623035408095116 0.72887547813113485 2.7899160414607205 1.6020304212098009
0.18700000000000014 0.85901330694244205 0.73046861330787416 2.7760012771532656 1.5842547453261036
0.18800000000000014 0.86178237976863048 0.73204401717394663 2.762155913022323 1.5665677259957405
0.18900000000000014 0.8645376417864814 0.73360177816463334 2.7483796029330683 1.5489689210423068
0.19000000000000014 0.86727916187768872 0.73514198427414224 2.7346720024770321 1.5314578904947629
0.19100000000000014 0.87000700858039748 0.7366647230578085 2.721032768963489 1.5140341965764321
0.19200000000000014 0.87272125009091706 0.73817008163428288 2.7074615614108901 1.4966974036940592
0.19300000000000014 0.87542195426542702 0.73965814668771079 2.693958040538341 1.4794470784269196
0.19400000000000014 0.8781091886216722 0.74112900446989827 2.6805218687571148 1.4622827895159829
0.19500000000000015 0.88078302034065137 0.74258274080246844 2.6671527101622186 1.4452041078531317
0.19600000000000015 0.88344351626829698 0.74401944107900764 2.6538502305239908 1.4282106064704356
0.19700000000000015 0.88609074291714562 0.74543919026719974 2.6406140972797476 1.4113018605294756
0.19800000000000015 0.88872476646800147 0.74684207291095062 2.6274439795254683 1.3944774473107211
0.19900000000000015 0.89134565277159039 0.74822817313250156 2.6143395480075236 1.3777369462029667
0.20000000000000015 0.89395346735020653 0.74959757463453247 2.6013004751144426 1.3610799386928116
0.20100000000000015 0.89654827539935034 0.75095036070225452 2.588326434868724 1.3445060083542009
0.20200000000000015 0.89913014178935802 0.75228661420549203 2.5754171029186859 1.3280147408380136
0.20300000000000015 0.90169913106702371 0.75360641760075442 2.562572156530357 1.3116057238617023
0.20400000000000015 0.90425530745721339 0.75490985293329715 2.5497912745794089 1.2952785471989876
0.20500000000000015 0.90679873486446982 0.75619700183917415 2.5370741375431267 1.2790328026696027
0.20600000000000016 0.90932947687461063 0.75746794554727681 2.5244204274924229 1.2628680841290896
0.20700000000000016 0.91184759675631788 0.7587227648813667 2.5118298280838869 1.2467839874586408
0.20800000000000016 0.91435315746271972 0.75996154026209417 2.4993020245518771 1.2307801105550031
0.20900000000000016 0.91684622163296448 0.76118435170901078 2.4868367037006536 1.2148560533204198
0.21000000000000016 0.91932685159378613 0.76239127884256863 2.4744335538965454 1.1990114176526312
0.21100000000000016 0.9217951093610629 0.76358240088611096 2.4620922650601611 1.1832458074349197
0.21200000000000016 0.92425105664136753 0.76475779666785271 2.4498125286586374 1.1675588285262095
0.21300000000000016 0.92669475483351016 0.76591754462285278 2.437594037697925 1.1519500887512102
0.21400000000000016 0.92912626503007245 0.76706172279497187 2.425436486715113 1.1364191978906151
0.21500000000000016 0.93154564801893636 0.76819040883882628 2.4133395717707939 1.1209657676713425
0.21600000000000016 0.93395296428480234 0.76930368002172789 2.4013029904414642 1.1055894117568337
0.21700000000000016 0.93634827401070253 0.77040161322561684 2.3893264418119631 1.090289745737389
0.21800000000000017 0.9387316370795048 0.77148428494898225 2.3774096264679514 1.0750663871205615
0.21900000000000017 0.94110311307541017 0.77255177130877617 2.3655522464884253 1.0599189553215926
0.22000000000000017 0.94346276128544171 0.77360414804231514 2.3537540054382675 1.0448470716538987
0.22100000000000017 0.94581064070092791 0.77464149050917441 2.3420146083608362 1.0298503593196018
0.22200000000000017 0.94814681001897627 0.77566387369307177 2.330333761770595 1.0149284434001151
0.22300000000000017 0.95047132764394138 0.7766713722037426 2.3187111736457688 1.0000809508467605
0.22400000000000017 0.95278425168888492 0.77766406027880408 2.3071465534210507 0.98530751047145371
0.22500000000000017 0.95508563997702867 0.7786420117856121 2.2956396119803317 0.97060775293741308
0.22600000000000017 0.95737555004319963 0.77960530022310737 2.2841900616494772 0.95598131074993686
0.22700000000000017 0.9596540391352687 0.78055399872365339 2.2727976161891319 0.94142781824720689
0.22800000000000017 0.96192116421558183 0.78148818005486387 2.2614619907875668 0.92694691159115417
0.22900000000000018 0.96417698196238399 0.78240791662142328 2.2501829020535555 0.91253822875835722
0.23000000000000018 0.96642154877123654 0.78331328046689586 2.2389600680092929 0.8982014095309947
0.23100000000000018 0.96865492075642656 0.78420434327552702 2.2277932080833431 0.88393609548783925
0.23200000000000018 0.97087715375236983 0.78508117637403518 2.2166820431036269 0.86974192999529754
0.23300000000000018 0.97308830331500717 0.78594385073339634 2.2056262952904397 0.85561855819849164
0.23400000000000018 0.97528842472319266 0.78679243697061618 2.1946256882495119 0.84156562701239279
0.23500000000000018 0.97747757298007643 0.78762700535049712 2.1836799469650932 0.82758278511298755
0.23600000000000018 0.97965580281447862 0.78844762578739447 2.1727887977930824 0.81366968292850128
0.23700000000000018 0.9818231686822585 0.7892543678469639 2.1619519684541828 0.79982597263065403
0.23800000000000018 0.98397972476767592 0.79004730074790097 2.1511691880270964 0.7860513081259688
0.23900000000000018 0.98612552498474515 0.79082649336367195 2.14044018694175 0.77234534504711361
0.24000000000000019 0.98826062297858319 0.79159201422423475 2.1297646969725594 0.75870774074429947
0.24100000000000019 0.99038507212675153 0.7923439315177534 2.1191424512317178 0.74513815427670638
0.24200000000000019 0.99249892554058927 0.79308231309230126 2.1085731841625295 0.73163624640396785
0.24300000000000019 0.99460223606654186 0.79380722645755819 2.0980566315327667 0.71820167957768266
0.24400000000000019 0.9966950562874819 0.79451873878649848 2.0875925304280663 0.70483411793298156
0.24500000000000019 0.99877743852402401 0.79521691691706964 2.0771806192453552 0.69153322728012601
0.24600000000000019 1.0008494348358328 0.79590182735386328 2.0668206376863121 0.67829867509615749
0.24700000000000019 1.0029110970229236 0.79657353626977823 2.056512326750858 0.66513013051658199
0.24800000000000019 1.0049624766269585 0.79723210950767487 2.0462554287306829 0.65202726432709968
0.24900000000000019 1.0070036249325347 0.79787761258202039 2.0360496872028016 0.63898974895537242
0.25000000000000017 1.0090345929684661 0.79851011068052724 2.0258948470231455 0.6260172584628374
0.25100000000000017 1.0110554315090592 0.79912966866578339 2.0157906543201798 0.61310946853655723
0.25200000000000017 1.0130661910753829 0.79973635107687269 2.0057368564885611 0.60026605648110998
0.25300000000000017 1.0150669219365309 0.80033022213098937 1.9957332021828207 0.58748670121052671
0.25400000000000017 1.0170576741108794 0.80091134572504297 1.9857794413110788 0.57477108324025927
0.25500000000000017 1.0190384973673359 0.8014797854372554 1.9758753250287964 0.56211888467919691
0.25600000000000017 1.0210094412265853 0.80203560452875167 1.9660206057325493 0.54952978922171525
0.25700000000000017 1.0229705549623265 0.80257886594513994 1.9562150370538431 0.53700348213977422
0.25800000000000017 1.0249218876025052 0.8031096323180863 1.9464583738529491 0.52453965027504212
0.25900000000000017 1.0268634879305392 0.80362796596687958 1.9367503722127801 0.51213798203107563
0.26000000000000018 1.0287954044865375 0.80413392889999069 1.9270907894327884 0.4997981673655203
0.26100000000000018 1.0307176855685147 0.80462758281662117 1.9174793840229021 0.48751989778236826
0.26200000000000018 1.032630379233598 0.80510898910824658 1.907915915697485 0.47530286632424001
0.26300000000000018 1.0345335332992289 0.80557820886015219 1.8984001453693315 0.46314676756471318
0.26400000000000018 1.0364271953443578 0.80603530285295788 1.8889318351436868 0.45105129760068463
0.26500000000000018 1.0383114127106345 0.80648033156413934 1.879510748312303 0.43901615404477656
0.26600000000000018 1.0401862325035915 0.80691335516954055 1.8701366493475178 0.42704103601777188
0.26700000000000018 1.0420517015938211 0.80733443354487522 1.8608093038963702 0.41512564414109798
0.26800000000000018 1.0439078666181478 0.80774362626722762 1.8515284787747366 0.40326968052933543
0.26900000000000018 1.045754773980794 0.80814099261653916 1.8422939419615063 0.39147284878277766
0.27000000000000018 1.0475924698545396 0.8085265915770915 1.8331054625927776 0.37973485398001605
0.27100000000000019 1.0494210001818773 0.80890048183898056 1.823962810956089 0.36805540267057024
0.27200000000000019 1.0512404106761608 0.80926272179958525 1.8148657584846712 0.3564342028675469
0.27300000000000019 1.053050746822747 0.80961336956502516 1.8058140777517409 0.34487096404034867
0.27400000000000019 1.0548520538801338 0.80995248295161471 1.7968075424648067 0.33336539710739999
0.27500000000000019 1.0566443768810916 0.8102801194873086 1.7878459274600182 0.32191721442893018
0.27600000000000019 1.0584277606337884 0.81059633641313966 1.778929008696533 0.31052612979977434
0.27700000000000019 1.0602022497229115 0.81090119068464972 1.7700565632509184 0.29919185844222529
0.27800000000000019 1.0619678885107802 0.81119473897331318 1.7612283693115749 0.28791411699890723
0.27900000000000019 1.063724721138456 0.81147703766795531 1.7524442061731955 0.27669262352569746
0.28000000000000019 1.0654727915268465 0.81174814287615982 1.7437038542312431 0.26552709748467418
0.28100000000000019 1.0672121433778021 0.81200811042567367 1.7350070949764649 0.25441725973710572
0.28200000000000019 1.06894282017521 0.81225699586580113 1.7263537109894258 0.24336283253646851
0.2830000000000002 1.0706648651860797 0.81249485446879299 1.7177434859350762 0.23236353952150823
0.2840000000000002 1.0723783214616271 0.81272174123122964 1.7091762045573404 0.22141910570932488
0.2850000000000002 1.0740832318383475 0.8129377108753939 1.7006516526737385 0.21052925748850493
0.2860000000000002 1.0757796389390892 0.81314281785063969 1.6921696171700287 0.19969372261227436
0.2870000000000002 1.0774675851741187 0.81333711633475514 1.6837298859948826 0.18891223019169789
0.2880000000000002 1.0791471127421792 0.81352066023531422 1.6753322481545805 0.17818451068890262
0.2890000000000002 1.0808182636315473 0.81369350319102618 1.6669764937077391 0.1675102959103425
0.2900000000000002 1.0824810796210826 0.81385569857307605 1.6586624137600623 0.15688931900009262
0.2910000000000002 1.0841356022812716 0.81400729948645956 1.6503898004591182 0.14632131443317631
0.2920000000000002 1.0857818729752664 0.81414835877130887 1.6421584469891435 0.13580601800892955
0.2930000000000002 1.0874199328599206 0.81427892900421595 1.6339681475658727 0.12534316684439384
0.29400000000000021 1.0890498228868164 0.81439906249954575 1.6258186974313935 0.11493249936774497
0.29500000000000021 1.0906715838032894 0.81450881131074404 1.6177098928490283 0.10457375531175384
0.29600000000000021 1.0922852561534471 0.81460822723163873 1.6096415310982399 0.094266675707279646
0.29700000000000021 1.093890880279182 0.81469736179773544 1.601613410469565 0.08401100287679597
0.29800000000000021 1.0954884963211815 0.81477626628750555 1.5936253302595687 0.073806480427946575
0.29900000000000021 1.0970781442199289 0.81484499172366665 1.5856770907658309 0.063652853247140762
0.30000000000000021 1.0986598637167053 0.81490358887446113 1.5777684932819489 0.053549867493167369
0.30100000000000021 1.1002336943545801 0.81495210825492292 1.5698993400925751 0.043497270590859394
0.30200000000000021 1.1017996754794013 0.81499060012814106 1.5620694344684691 0.033494811224768384
0.30300000000000021 1.1033578462407785 0.81501911450651643 1.5542785806615829 0.023542239332890569
0.30400000000000021 1.1049082455930621 0.81503770115301277 1.5465265839001647 0.013639306100409421
0.30500000000000022 1.1064509122963166 0.81504640958239893 1.5388132503838927 0.003785763953479071
0.30600000000000022 1.1079858849172897 0.8150452890624883 1.531138387279027 -0.0060186334469680691
0.30700000000000022 1.109513201830377 0.81503438861537003 1.52350180271359 -0.015774131211376607
0.30800000000000022 1.1110329012185811 0.81501375701863454 1.5159033057725699 -0.025480973227699932
0.30900000000000022 1.1125450210744656 0.81498344280659329 1.5083427064931476 -0.035139402167493339
0.31000000000000022 1.1140495992011057 0.81494349427149138 1.5008198158599471 -0.04474965949198384
0.31100000000000022 1.1155466732130328 0.81489395946471554 1.4933344458003108 -0.05431198545810445
0.31200000000000022 1.1170362805371756 0.81483488619799527 1.4858864091795976 -0.063826619124502715
0.31300000000000022 1.1185184584137944 0.81476632204459776 1.4784755197965038 -0.073293798357515705
0.31400000000000022 1.1199932438974134 0.81468831434051836 1.4711015923784088 -0.082713759837117928
0.31500000000000022 1.1214606738577466 0.81460091018566194 1.4637644425767433 -0.092086739062835932
0.31600000000000023 1.1229207849806191 0.81450415644502239 1.45646388696238 -0.10141297035963937
0.31700000000000023 1.1243736137688853 0.81439809974985378 1.4491997430210486 -0.11069268688379585
0.31800000000000023 1.1258191965433408 0.81428278649883523 1.4419718291487715 -0.11992612062870256
0.31900000000000023 1.12725756944363 0.81415826285923132 1.4347799646473263 -0.12911350243068309
0.32000000000000023 1.1286887684291502 0.81402457476804713 1.4276239697197248 -0.13825506197476201
0.32100000000000023 1.1301128292799507 0.81388176793317524 1.4205036654657226 -0.14735102780040288
0.32200000000000023 1.1315297875976269 0.81372988783453992 1.413418873877341 -0.15640162730722618
0.32300000000000023 1.1329396788062107 0.81356897972523268 1.4063694178344222 -0.16540708676069027
0.32400000000000023 1.1343425381530556 0.81339908863264476 1.3993551211001978 -0.17436763129775112
0.32500000000000023 1.1357384007097182 0.8132202593595923 1.3923758083168842 -0.18328348493248781
0.32600000000000023 1.1371273013728356 0.81303253648543605 1.3854313050012976 -0.19215487056170688
0.32700000000000023 1.1385092748649961 0.81283596436719652 1.3785214375404946 -0.20098200997050997
0.32800000000000024 1.1398843557356095 0.81263058714066316 1.3716460331874276 -0.20976512383784307
0.32900000000000024 1.1412525783617689 0.81241644872149643 1.3648049200566308 -0.21850443174200929
0.33000000000000024 1.1426139769491115 0.81219359280632719 1.3579979271199187 -0.22720015216616241
0.33100000000000024 1.1439685855326724 0.81196206287384765 1.351224884202114 -0.23585250250376522
0.33200000000000024 1.145316437977737 0.81172190218590001 1.3444856219767902 -0.24446169906402737
0.33300000000000024 1.146657567980687 0.81147315378855678 1.3377799719620418 -0.25302795707731018
0.33400000000000024 1.1479920090698417 0.81121586051319705 1.3311077665162681 -0.26155149070051142
0.33500000000000024 1.1493197946062981 0.81095006497757771 1.324468838833986 -0.27003251302241504
0.33600000000000024 1.1506409577847636 0.81067580958689878 1.3178630229416575 -0.27847123606902091
0.33700000000000024 1.1519555316343868 0.81039313653486333 1.3112901536935415 -0.28686787080884435
0.33800000000000024 1.1532635490195822 0.81010208780473292 1.3047500667675642 -0.2952226271581917
0.33900000000000025 1.1545650426408529 0.809802705170376 1.2982425986612118 -0.30353571398640633
0.34000000000000025 1.1558600450356065 0.80949503019731295 1.2917675866874427 -0.31180733912109271
0.34100000000000025 1.157148588578971 0.80917910424375639 1.2853248689706207 -0.32003770935330889
0.34200000000000025 1.1584307054846017 0.80885496846164262 1.2789142844424666 -0.32822703044274038
0.34300000000000025 1.1597064278054883 0.80852266379766269 1.2725356728380344 -0.33637550712284026
0.34400000000000025 1.160975787434755 0.80818223099428466 1.2661888746917005 -0.34448334310595063
0.34500000000000025 1.1622388161064587 0.80783371059077302 1.2598737313331814 -0.35255074108839235
0.34600000000000025 1.1634955453963822 0.80747714292420192 1.2535900848835642 -0.36057790275553625
0.34700000000000025 1.164746006722823 0.80711256813046262 1.2473377782513604 -0.36856502878684116
0.34800000000000025 1.1659902313473796 0.80674002614526963 1.2411166551285782 -0.37651231886087477
0.34900000000000025 1.1672282503757319 0.80635955670515491 1.234926559986816 -0.38441997166030184
0.35000000000000026 1.1684600947584207 0.80597119934846573 1.2287673380733721 -0.39228818487685513
0.35100000000000026 1.1696857952916193 0.80557499341634942 1.2226388354073789 -0.40011715521627411
0.35200000000000026 1.1709053826179052 0.80517097805373972 1.2165408987759498 -0.40790707840322571
0.35300000000000026 1.1721188872270247 0.80475919221033343 1.2104733757303521 -0.41565814918619459
0.35400000000000026 1.1733263394566564 0.80433967464156542 1.2044361145821927 -0.42337056134235462
0.35500000000000026 1.1745277694931693 0.80391246390957671 1.1984289643996293 -0.43104450768241098
0.35600000000000026 1.1757232073723765 0.8034775983841792 1.1924517750035939 -0.43868018005542253
0.35700000000000026 1.176912682980287 0.80303511624381374 1.1865043969640408 -0.44627776935359531
0.35800000000000026 1.1780962260538534 0.80258505547650627 1.1805866815962085 -0.4538374655170585
0.35900000000000026 1.1792738661817141 0.80212745388081641 1.1746984809569054 -0.46135945753860885
0.36000000000000026 1.1804456328049335 0.80166234906678235 1.1688396478408081 -0.46884393346843978
0.36100000000000027 1.1816115552177384 0.80118977845686234 1.1630100357767843 -0.4762910804188385
0.36200000000000027 1.1827716625682496 0.80070977928686804 1.1572094990242281 -0.48370108456886718
0.36300000000000027 1.1839259838592113 0.80022238860689754 1.1514378925694193 -0.49107413116901477
0.36400000000000027 1.1850745479487161 0.79972764328226087 1.1456950721218953 -0.4984104045458313
0.36500000000000027 1.186217383550926 0.79922557999440103 1.139980894110846 -0.50571008810653262
0.36600000000000027 1.1873545192367905 0.79871623524181223 1.1342952156815236 -0.51297336434358831
0.36700000000000027 1.188485983434761 0.79819964534095078 1.1286378946916711 -0.52020041483928203
0.36800000000000027 1.1896118044315014 0.79767584642714529 1.123008789707969 -0.52739142027025321
0.36900000000000027 1.1907320103725951 0.79714487445549687 1.1174077600024999 -0.53454656041201187
0.37000000000000027 1.1918466292632492 0.79660676520178153 1.1118346655492291 -0.54166601414343418
0.37100000000000027 1.1929556889689941 0.79606155426334124 1.1062893670205054 -0.54874995945123417
0.37200000000000027 1.19405921721638 0.79550927705997732 1.1007717257835761 -0.55579857343441375
0.37300000000000028 1.1951572415936704 0.79494996883483238 1.0952816038971238 -0.56281203230868937
0.37400000000000028 1.1962497895515323 0.79438366465527432 1.0898188641078144 -0.56979051141089854
0.37500000000000028 1.1973368884037212 0.79381039941377107 1.0843833698468692 -0.5767341852033816
0.37600000000000028 1.1984185653277653 0.79323020782876363 1.0789749852266488 -0.58364322727834583
0.37700000000000028 1.1994948473656442 0.79264312444553497 1.0735935750372556 -0.59051781036220219
0.37800000000000028 1.2005657614244643 0.79204918363707177 1.0682390047431545 -0.59735810631988651
0.37900000000000028 1.2016313342771332 0.79144841960492518 1.0629111404798099 -0.60416428615915319
0.38000000000000028 1.2026915925630277 0.79084086638006523 1.0576098490503369 -0.61093652003485355
0.38100000000000028 1.2037465627886603 0.79022655782373186 1.0523349979221743 -0.61767497725318687
0.38200000000000028 1.2047962713283413 0.78960552762828129 1.0470864552237689 -0.62437982627593436
0.38300000000000028 1.2058407444248391 0.78897780931802874 1.0418640897412799 -0.63105123472467106
0.38400000000000029 1.2068800081900355 0.78834343625008552 1.036667770915298 -0.63768936938495546
0.38500000000000029 1.2079140886055786 0.78770244161519443 1.0314973688375824 -0.64429439621050011
0.38600000000000029 1.2089430115235329 0.78705485843855849 1.0263527542478115 -0.65086648032731942
0.38700000000000029 1.2099668026670247 0.78640071958066626 1.0212337985303528 -0.65740578603785838
0.38800000000000029 1.2109854876308859 0.78574005773811484 1.0161403737110464 -0.66391247682510102
0.38900000000000029 1.2119990918822938 0.78507290544442565 1.0110723524540071 -0.67038671535665517
0.39000000000000029 1.2130076407614072 0.78439929507085893 1.006029608058439 -0.67682866348882187
0.39100000000000029 1.2140111594820011 0.78371925882722238 1.0010120144554699 -0.68323848227063966
0.39200000000000029 1.2150096731320954 0.78303282876267688 0.99601944620499827 -0.68961633194791205
0.39300000000000029 1.2160032066745834 0.78234003676653696 0.99105177849255799 -0.69596237196721278
0.39400000000000029 1.2169917849478558 0.78164091456906937 0.98610888712619693 -0.7022767609798739
0.3950000000000003 1.2179754326664203 0.78093549374228421 0.98119064853337434 -0.70855965684594802
0.3960000000000003 1.2189541744215215 0.78022380570072658 0.97629693975786846 -0.71481121663816061
0.3970000000000003 1.219928034681754 0.77950588170226076 0.97142763845670543 -0.72103159664583094
0.3980000000000003 1.2208970377936752 0.77878175284885109 0.96658262289709918 -0.72722095237878359
0.3990000000000003 1.2218612079824136 0.77805145008734133 0.96176177195340817 -0.73337943857123444
0.4000000000000003 1.2228205693522736 0.77731500421022637 0.956964965104108 -0.73950720918565849
0.4010000000000003 1.2237751458873398 0.77657244585642271 0.95219208242877695 -0.74560441741664119
0.4020000000000003 1.224724961452075 0.77582380551203545 0.94744300460510034 -0.75167121569470496
0.4030000000000003 1.2256700397919182 0.77506911351111918 0.94271761290588496 -0.75770775569012305
0.4040000000000003 1.2266104045338768 0.77430840003643642 0.93801578919609208 -0.76371418831670956
0.4050000000000003 1.2275460791871184 0.7735416951202132 0.93333741592988362 -0.76969066373559425
0.40600000000000031 1.228477087143558 0.77276902864488872 0.92868237614768534 -0.77563733135897195
0.40700000000000031 1.2294034516784431 0.77199043034386328 0.92405055347325971 -0.78155433985384382
0.40800000000000031 1.2303251959509356 0.77120592980224056 0.91944183211079844 -0.78744183714573057
0.40900000000000031 1.2312423430046897 0.77041555645756865 0.91485609684202729 -0.79329997042237133
0.41000000000000031 1.2321549157684299 0.76961933960057494 0.91029323302332621 -0.79912888613740241
0.41100000000000031 1.2330629370565227 0.76881730837589857 0.905753126582862 -0.80492873001402088
0.41200000000000031 1.2339664295695476 0.76800949178281941 0.90123566401773714 -0.81069964704862518
0.41300000000000031 1.2348654158948649 0.76719591867598314 0.8967407323911516 -0.81644178151444269
0.41400000000000031 1.2357599185071788 0.76637661776612109 0.89226821932958156 -0.82215527696513302
0.41500000000000031 1.2366499597691016 0.76555161762077062 0.88781801301996699 -0.82784027623838052
0.41600000000000031 1.2375355619317114 0.76472094666498713 0.88339000220691855 -0.83349692145946341
0.41700000000000031 1.2384167471351082 0.76388463318205591 0.87898407618993479 -0.8391253540448067
0.41800000000000032 1.2392935374089677 0.76304270531419793 0.87460012482063665 -0.84472571470551761
0.41900000000000032 1.2401659546730928 0.76219519106327538 0.87023803850001125 -0.85029814345090471
0.42000000000000032 1.2410340207379604 0.76134211829148979 0.86589770817567313 -0.85584277959197697
0.42100000000000032 1.2418977573052676 0.76048351472207998 0.86157902533913799 -0.8613597617449269
0.42200000000000032 1.242757185968473 0.75961940794001348 0.85728188202311073 -0.86684922783459517
0.42300000000000032 1.2436123282133382 0.75874982539267843 0.85300617079878405 -0.87231131509792004
0.42400000000000032 1.2444632054184641 0.75787479439056804 0.84875178477315472 -0.87774616008736772
0.42500000000000032 1.245309838855825 0.75699434210796357 0.84451861758635038 -0.88315389867434635
0.42600000000000032 1.2461522496913009 0.75610849558361481 0.84030656340897136 -0.88853466605260145
0.42700000000000032 1.2469904589852063 0.755217281721414 0.83611551693944353 -0.89388859674159837
0.42800000000000032 1.2478244876928177 0.75432072729107102 0.83194537340138697 -0.89921582458988292
0.42900000000000033 1.248654356664896 0.75341885892878024 0.82779602854099565 -0.90451648277842911
0.43000000000000033 1.2494800866482088 0.75251170313788784 0.82366737862443251 -0.90979070382396698
0.43100000000000033 1.2503016982860482 0.75159928628955397 0.8195593204352345 -0.91503861958229793
0.43200000000000033 1.2511192121187487 0.75068163462341231 0.81547175127173277 -0.92026036125158917
0.43300000000000033 1.2519326485841982 0.74975877424822535 0.81140456894448487 -0.92545605937565489
0.43400000000000033 1.2527420280183508 0.74883073114253806 0.80735767177372164 -0.93062584384721769
0.43500000000000033 1.2535473706557345 0.74789753115532631 0.80333095858680281 -0.93576984391115925
0.43600000000000033 1.2543486966299573 0.74695920000664418 0.7993243287156887 -0.94088818816774911
0.43700000000000033 1.2551460259742104 0.74601576328826658 0.79533768199442367 -0.94598100457586076
0.43800000000000033 1.2559393786217685 0.74506724646432809 0.79137091875663279 -0.95104842045616844
0.43900000000000033 1.2567287744064894 0.74411367487196123 0.78742393983302805 -0.95609056249433388
0.44000000000000034 1.2575142330633091 0.74315507372192857 0.78349664654893081 -0.9611075567441707
0.44100000000000034 1.2582957742287344 0.74219146809925385 0.77958894072180418 -0.96609952863079651
0.44200000000000034 1.2590734174413352 0.74122288296384808 0.77570072465879947 -0.97106660295376768
0.44300000000000034 1.2598471821422326 0.74024934315113478 0.77183190115431244 -0.97600890389020167
0.44400000000000034 1.2606170876755844 0.73927087337267028 0.76798237348755383 -0.98092655499787917
0.44500000000000034 1.2613831532890689 0.73828749821676143 0.76415204542013115 -0.98581967921833447
0.44600000000000034 1.2621453981343664 0.73729924214907994 0.76034082119364388 -0.99068839887992699
0.44700000000000034 1.2629038412676377 0.73630612951327501 0.75654860552728775 -0.99553283570090223
0.44800000000000034 1.2636585016500006 0.73530818453158109 0.75277530361547318 -1.0003531107924333
0.44900000000000034 1.264409398148004 0.73430543130542414 0.74902082112545598 -1.0051493446616486
0.45000000000000034 1.2651565495340995 0.73329789381602317 0.74528506419497864 -1.0099216572146441
0.45100000000000035 1.2658999744871107 0.73228559592499087 0.74156793942992316 -1.0146701677594825
0.45200000000000035 1.2666396915926998 0.73126856137492946 0.73786935390197683 -1.0193949950091747
0.45300000000000035 1.2673757193438335 0.73024681379002421 0.73418921514630842 -1.0240962570846488
0.45400000000000035 1.2681080761412435 0.72922037667663431 0.730527431159258 -1.0287740715177001
0.45500000000000035 1.2688367802938882 0.72818927342388107 0.72688391039603495 -1.0334285552539337
0.45600000000000035 1.269561850019409 0.72715352730423155 0.72325856176843029 -1.0380598246556856
0.45700000000000035 1.2702833034445873 0.726113161474081 0.7196512946425393 -1.0426679955049325
0.45800000000000035 1.2710011586057959 0.72506819897433139 0.71606201883649667 -1.0472531830061849
0.45900000000000035 1.2717154334494511 0.72401866273096804 0.71249064461821987 -1.0518155017893687
0.46000000000000035 1.2724261458324617 0.72296457555563276 0.70893708270316724 -1.0563550659126923
0.46100000000000035 1.2731333135226739 0.72190596014619335 0.70540124425210593 -1.0608719888654949
0.46200000000000035 1.2738369541993169 0.72084283908731128 0.70188304086889086 -1.0653663835710849
0.46300000000000036 1.2745370854534444 0.71977523485100725 0.69838238459825386 -1.0698383623895644
0.46400000000000036 1.2752337247883738 0.71870316979722193 0.69489918792360605 -1.0742880371206371
0.46500000000000036 1.2759268896201255 0.71762666617437509 0.69143336376484865 -1.0787155190064031
0.46600000000000036 1.2766165972778556 0.71654574611992228 0.68798482547619788 -1.0831209187341393
0.46700000000000036 1.2773028650042917 0.71546043166090811 0.68455348684401662 -1.087504346439069
0.46800000000000036 1.2779857099561631 0.71437074471451689 0.68113926208466036 -1.0918659117071128
0.46900000000000036 1.2786651492046288 0.71327670708862034 0.67774206584233188 -1.0962057235776304
0.47000000000000036 1.2793411997357054 0.71217834048232298 0.67436181318694877 -1.1005238905461434
0.47100000000000036 1.2800138784506916 0.71107566648650467 0.67099841961201845 -1.1048205205670514
0.47200000000000036 1.2806832021665899 0.70996870658436018 0.6676518010325263 -1.109095721056329
0.47300000000000036 1.2813491876165284 0.70885748215193656 0.66432187378283314 -1.1133495988942113
0.47400000000000037 1.2820118514501782 0.70774201445866736 0.66100855461458519 -1.1175822604278647
0.47500000000000037 1.2826712102341691 0.70662232466790409 0.65771176069463 -1.1217938114740487
0.47600000000000037 1.2833272804525055 0.70549843383744604 0.65443140960294799 -1.1259843573217589
0.47700000000000037 1.283980078506977 0.70437036292006638 0.65116741933059086 -1.13015400273486
0.47800000000000037 1.2846296207175687 0.70323813276403513 0.64791970827763223 -1.1343028519547036
0.47900000000000037 1.2852759233228699 0.70210176411364178 0.64468819525112642 -1.1384310087027372
0.48000000000000037 1.2859190024804792 0.70096127760971316 0.64147279946307934 -1.1425385761830937
0.48100000000000037 1.2865588742674092 0.69981669379012934 0.63827344052842871 -1.1466256570851749
0.48200000000000037 1.2871955546804881 0.69866803309033743 0.63509003846303502 -1.1506923535862157
0.48300000000000037 1.287829059636759 0.69751531584386228 0.63192251368168051 -1.1547387673538403
0.48400000000000037 1.2884594049738789 0.69635856228281512 0.62877078699608069 -1.158764999548604
0.48500000000000038 1.2890866064505142 0.69519779253839864 0.62563477961290404 -1.1627711508265213
0.48600000000000038 1.2897106797467346 0.69403302664141087 0.62251441313180322 -1.1667573213415823
0.48700000000000038 1.2903316404644045 0.69286428452274607 0.61940960954345325 -1.1707236107482584
0.48800000000000038 1.2909495041275745 0.69169158601389247 0.61632029122760279 -1.1746701182039905
0.48900000000000038 1.2915642861828684 0.69051495084742853 0.61324638095113271 -1.1785969423716713
0.49000000000000038 1.2921760019998698 0.68933439865751622 0.61018780186612676 -1.1825041814221087
0.49100000000000038 1.2927846668715055 0.68814994898039084 0.60714447750794809 -1.1863919330364832
0.49200000000000038 1.2933902960144292 0.68696162125485172 0.60411633179332924 -1.190260294408787
0.49300000000000038 1.2939929045694012 0.68576943482274566 0.60110328901846932 -1.1941093622482568
0.49400000000000038 1.2945925076016667 0.68457340892945195 0.59810527385714274 -1.1979392327817879
0.49500000000000038 1.2951891201013324 0.68337356272436311 0.59512221135881382 -1.2017500017563436
0.49600000000000039 1.2957827569837421 0.68216991526136372 0.59215402694676489 -1.2055417644413471
0.49700000000000039 1.2963734330898491 0.68096248549930694 0.58920064641623071 -1.209314615631063
0.49800000000000039 1.2969611631865863 0.67975129230248788 0.58626199593254491 -1.2130686496469667
0.49900000000000039 1.2975459619672367 0.67853635444111526 0.58333800202929176 -1.2168039603401051
0.50000000000000033 1.2981278440518009 0.67731769059178237 0.58042859160647153 -1.2205206410934395
0.50100000000000033 1.2987068239873607 0.67609531933793088 0.57753369192867232 -1.2242187848241826
0.50200000000000033 1.2992829162484449 0.67486925917031848 0.57465323062325102 -1.2278984839861198
0.50300000000000034 1.2998561352373901 0.6736395284874791 0.57178713567852535 -1.2315598305719226
0.50400000000000034 1.3004264952847009 0.67240614559618372 0.56893533544197195 -1.2352029161154459
0.50500000000000034 1.3009940106494078 0.67116912871189804 0.56609775861843681 -1.2388278316940178
0.50600000000000034 1.3015586955194249 0.66992849595923787 0.56327433426835161 -1.242434667930717
0.50700000000000034 1.3021205640119031 0.66868426537242198 0.56046499180595999 -1.2460235149966372
0.50800000000000034 1.3026796301735843 0.66743645489572268 0.55766966099755466 -1.2495944626131417
0.50900000000000034 1.3032359079811511 0.66618508238391572 0.55488827195971968 -1.2531476000541066
0.51000000000000034 1.3037894113415782 0.66493016560272511 0.55212075515758408 -1.2566830161481539
0.51100000000000034 1.3043401540924784 0.66367172222926829 0.54936704140308368 -1.2602007992808695
0.51200000000000034 1.304888150002449 0.66240976985249755 0.54662706185323107 -1.2637010373970154
0.51300000000000034 1.305433412771416 0.66114432597363959 0.54390074800839516 -1.2671838180027259
0.51400000000000035 1.3059759560309776 0.65987540800663402 0.54118803171058771 -1.2706492281676984
0.51500000000000035 1.3065157933447433 0.65860303327856795 0.53848884514175965 -1.2740973545273673
0.51600000000000035 1.3070529382086737 0.65732721903010849 0.53580312082210679 -1.2775282832850707
0.51700000000000035 1.307587404051419 0.65604798241593576 0.53313079160838084 -1.280942100214207
0.51800000000000035 1.3081192042346528 0.65476534050516966 0.53047179069221229 -1.2843388906603765
0.51900000000000035 1.3086483520534071 0.65347931028179795 0.52782605159843987 -1.2877187395435179
0.52000000000000035 1.3091748607364055 0.65218990864510018 0.52519350818344812 -1.2910817313600293
0.52100000000000035 1.309698743446392 0.65089715241007062 0.52257409463351512 -1.2944279501848805
0.52200000000000035 1.310220013280462 0.64960105830783776 0.51996774546316527 -1.297757479673717
0.52300000000000035 1.3107386832703884 0.64830164298608439 0.51737439551353359 -1.3010704030649498
0.52400000000000035 1.3112547663829479 0.64699892300946149 0.51479397995073639 -1.3043668031818356
0.52500000000000036 1.3117682755202451 0.64569291486000413 0.5122264342642503 -1.3076467624345489
0.52600000000000036 1.3122792235200353 0.64438363493754269 0.50967169426529924 -1.3109103628222423
0.52700000000000036 1.3127876231560451 0.64307109956011343 0.50712969608525016 -1.3141576859350952
0.52800000000000036 1.313293487138292 0.64175532496436527 0.50460037617401621 -1.3173888129563549
0.52900000000000036 1.3137968281134014 0.64043632730596722 0.50208367129846798 -1.3206038246643648
0.53000000000000036 1.3142976586649247 0.63911412266001144 0.49957951854085253 -1.3238028014345851
0.53100000000000036 1.3147959913136511 0.63778872702141465 0.4970878552972201 -1.3269858232416021
0.53200000000000036 1.3152918385179231 0.63646015630531982 0.49460861927586036 -1.3301529696611263
0.53300000000000036 1.3157852126739464 0.63512842634749123 0.49214174849574333 -1.3333043198719834
0.53400000000000036 1.3162761261161009 0.63379355290471295 0.48968718128497118 -1.3364399526580923
0.53500000000000036 1.3167645911172481 0.63245555165518175 0.48724485627923569 -1.3395599464104366
0.53600000000000037 1.3172506198890381 0.6311144381988989 0.48481471242028429 -1.3426643791290229
0.53700000000000037 1.3177342245822163 0.62977022805806038 0.48239668895439441 -1.3457533284248298
0.53800000000000037 1.3182154172869245 0.62842293667744453 0.4799907254308533 -1.3488268715217511
0.53900000000000037 1.3186942100330057 0.62707257942479933 0.47759676170044724 -1.3518850852585249
0.54000000000000037 1.3191706147903035 0.62571917159122492 0.47521473791395874 -1.3549280460906528
0.54100000000000037 1.3196446434689615 0.62436272839155738 0.4728445945206689 -1.3579558300923145
0.54200000000000037 1.3201163079197213 0.62300326496474789 0.47048627226686945 -1.360968512958268
0.54300000000000037 1.320585619934219 0.62164079637424274 0.46813971219438116 -1.3639661700057415
0.54400000000000037 1.3210525912452791 0.62027533760835762 0.46580485563907986 -1.366948876176318
0.54500000000000037 1.321517233527209 0.61890690358065559 0.46348164422943033 -1.3699167060378064
0.54600000000000037 1.3219795583960898 0.61753550913031607 0.46117001988502632 -1.372869733786108
0.54700000000000037 1.3224395774100675 0.61616116902250839 0.4588699248151385 -1.3758080332470706
0.54800000000000038 1.3228973020696411 0.6147838979487612 0.45658130151727072 -1.3787316778783332
0.54900000000000038 1.3233527438179509 0.61340371052732712 0.4543040927757212 -1.3816407407711642
0.55000000000000038 1.3238059140410645 0.61202062130355173 0.45203824166015272 -1.3845352946522875
0.55100000000000038 1.3242568240682613 0.61063464475023443 0.44978369152416947 -1.3874154118857007
0.55200000000000038 1.324705485172315 0.60924579526799127 0.44754038600390034 -1.390281164474485
0.55300000000000038 1.3251519085697769 0.60785408718561507 0.44530826901659093 -1.3931326240626039
0.55400000000000038 1.3255961054212553 0.60645953476043357 0.44308728475920017 -1.3959698619366958
0.55500000000000038 1.3260380868316941 0.60506215217866544 0.44087737770700558 -1.3987929490278557
0.55600000000000038 1.3264778638506518 0.60366195355577568 0.43867849261221625 -1.4016019559134072
0.55700000000000038 1.3269154474725773 0.6022589529368283 0.4364905745025901 -1.4043969528186691
0.55800000000000038 1.3273508486370831 0.60085316429683644 0.43431356868006044 -1.4071780096187099
0.55900000000000039 1.3277840782292216 0.59944460154111323 0.43214742071936829 -1.4099451958400939
0.56000000000000039 1.3282151470797547 0.5980332785056186 0.42999207646670168 -1.4126985806626211
0.56100000000000039 1.3286440659654266 0.59661920895730547 0.42784748203834227 -1.4154382329210553
0.56200000000000039 1.3290708456092317 0.59520240659446344 0.42571358381931762 -1.4181642211068459
0.56300000000000039 1.3294954966806829 0.59378288504706211 0.42359032846206085 -1.4208766133698396
0.56400000000000039 1.3299180297960795 0.59236065787709102 0.42147766288507782 -1.4235754775199836
0.56500000000000039 1.3303384555187714 0.59093573857889869 0.41937553427161889 -1.4262608810290227
0.56600000000000039 1.3307567843594232 0.58950814057953105 0.41728389006835931 -1.4289328910321846
0.56700000000000039 1.3311730267762782 0.58807787723906579 0.41520267798408494 -1.431591574329858
0.56800000000000039 1.3315871931754182 0.58664496185094706 0.41313184598838515 -1.4342369973892648
0.56900000000000039 1.3319992939110246 0.58520940764231777 0.41107134231035258 -1.436869226346118
0.5700000000000004 1.3324093392856375 0.58377122777435031 0.4090211154372877 -1.4394883270062797
0.5710000000000004 1.3328173395504128 0.58233043534257467 0.40698111411341176 -1.4420943648474025
0.5720000000000004 1.3332233049053779 0.58088704337720798 0.40495128733858587 -1.4446874050205676
0.5730000000000004 1.3336272454996883 0.57944106484347735 0.40293158436703463 -1.447267512351915
0.5740000000000004 1.3340291714318795 0.57799251264194673 0.40092195470607861 -1.4498347513442622
0.5750000000000004 1.3344290927501208 0.57654139960883799 0.39892234811487159 -1.4523891861787177
0.5760000000000004 1.3348270194524663 0.57508773851635153 0.3969327146031445 -1.4549308807162857
0.5770000000000004 1.3352229614871038 0.5736315420729865 0.39495300442995629 -1.4574598984994611
0.5780000000000004 1.3356169287526054 0.57217282292385852 0.39298316810244927 -1.4599763027538213
0.5790000000000004 1.3360089310981726 0.57071159365101476 0.39102315637461255 -1.4624801563896033
0.5800000000000004 1.3363989783238848 0.56924786677374972 0.38907292024605117 -1.4649715220032782
0.58100000000000041 1.3367870801809432 0.5677816547489174 0.38713241096076018 -1.4674504618791162
0.58200000000000041 1.3371732463719137 0.56631296997124281 0.38520158000590637 -1.4699170379907436
0.58300000000000041 1.3375574865509721 0.56484182477363265 0.3832803791106153 -1.4723713120026911
0.58400000000000041 1.3379398103241422 0.56336823142748194 0.3813687602447644 -1.4748133452719374
0.58500000000000041 1.3383202272495385 0.56189220214298263 0.37946667561778274 -1.4772431988494412
0.58600000000000041 1.3386987468376039 0.56041374906942787 0.37757407767745538 -1.4796609334816684
0.58700000000000041 1.3390753785513481 0.55893288429551635 0.37569091910873514 -1.4820666096121109
0.58800000000000041 1.339450131806583 0.55744961984965369 0.37381715283256006 -1.484460287382797
0.58900000000000041 1.33982301597216 0.55596396770025325 0.37195273200467549 -1.4868420266357956
0.59000000000000041 1.3401940403702024 0.55447593975603682 0.37009761001446351 -1.4892118869147124
0.59100000000000041 1.3405632142763397 0.55298554786632992 0.3682517404837779 -1.4915699274661778
0.59200000000000041 1.3409305469199384 0.55149280382136001 0.36641507726578398 -1.4939162072413283
0.59300000000000042 1.3412960474843341 0.54999771935255026 0.36458757444380602 -1.4962507848972804
0.59400000000000042 1.3416597251070594 0.54850030613281353 0.36276918633017807 -1.498573718798597
0.59500000000000042 1.3420215888800746 0.54700057577684369 0.36095986746510245 -1.500885067018747
0.59600000000000042 1.3423816478499924 0.54549853984140539 0.35915957261551368 -1.5031848873415559
0.59700000000000042 1.3427399110183058 0.54399420982562452 0.35736825677394651 -1.5054732372626516
0.59800000000000042 1.3430963873416129 0.54248759717127459 0.35558587515741163 -1.5077501739909014
0.59900000000000042 1.34345108573184 0.54097871326306279 0.35381238320627584 -1.5100157544498423
0.60000000000000042 1.3438040150564656 0.53946756942891505 0.35204773658314775 -1.5122700352791036
0.60100000000000042 1.3441551841387411 0.53795417694025893 0.35029189117177023 -1.5145130728358231
0.60200000000000042 1.3445046017579119 0.53643854701230564 0.3485448030759164 -1.5167449231960572
0.60300000000000042 1.3448522766494366 0.53492069080433047 0.34680642861829275 -1.5189656421561808
0.60400000000000043 1.3451982175052055 0.53340061941995076 0.34507672433944747 -1.5211752852342835
0.60500000000000043 1.3455424329737584 0.53187834390740574 0.34335564699668347 -1.5233739076715573
0.60600000000000043 1.3458849316604997 0.5303538752598298 0.34164315356297753 -1.525561564433678
0.60700000000000043 1.3462257221279141 0.52882722441552965 0.3399392012259046 -1.527738310212178
0.60800000000000043 1.3465648128957817 0.52729840225825741 0.33824374738656732 -1.5299041994258158
0.60900000000000043 1.3469022124413887 0.52576741961748108 0.33655674965853177 -1.5320592862219342
0.61000000000000043 1.3472379291997418 0.52423428726865717 0.33487816586676666 -1.5342036244778152
0.61100000000000043 1.3475719715637773 0.52269901593349988 0.33320795404658965 -1.5363372678020273
0.61200000000000043 1.3479043478845714 0.52116161628024726 0.33154607244261858 -1.5384602695357645
0.61300000000000043 1.3482350664715499 0.51962209892393041 0.3298924795077266 -1.5405726827541806
0.61400000000000043 1.3485641355926943 0.51808047442663741 0.32824713390200422 -1.5426745602677161
0.61500000000000044 1.34889156347475 0.51653675329777782 0.32660999449172556 -1.5447659546234185
0.61600000000000044 1.349217358303431 0.51499094599434536 0.3249810203483201 -1.5468469181062554
0.61700000000000044 1.3495415282236252 0.51344306292117881 0.32336017074734952 -1.5489175027404227
0.61800000000000044 1.3498640813395972 0.51189311443122287 0.3217474051674894 -1.5509777602906434
0.61900000000000044 1.3501850257151919 0.51034111082578693 0.32014268328951595 -1.5530277422634644
0.62000000000000044 1.3505043693740353 0.50878706235480231 0.31854596499529902 -1.555067499908541
0.62100000000000044 1.3508221202997357 0.5072309792170786 0.31695721036679791 -1.557097084219921
0.62200000000000044 1.3511382864360824 0.50567287156055785 0.31537637968506416 -1.5591165459373175
0.62300000000000044 1.3514528756872455 0.50411274948257012 0.31380343342924838 -1.5611259355473792
0.62400000000000044 1.3517658959179728 0.50255062303008446 0.31223833227561221 -1.5631253032849508
0.62500000000000044 1.3520773549537861 0.50098650219996022 0.31068103709654543 -1.5651146991343297
0.62600000000000044 1.3523872605811778 0.49942039693919749 0.30913150895958741 -1.5670941728305157
0.62700000000000045 1.3526956205478045 0.49785231714518519 0.30758970912645384 -1.5690637738604547
0.62800000000000045 1.3530024425626814 0.49628227266594904 0.30605559905206892 -1.5710235514642745
0.62900000000000045 1.3533077342963749 0.49471027330039763 0.30452914038360068 -1.5729735546365173
0.63000000000000045 1.3536115033811946 0.49313632879856706 0.30301029495950293 -1.5749138321273646
0.63100000000000045 1.3539137574113829 0.49156044886186501 0.30149902480856094 -1.5768444324438542
0.63200000000000045 1.3542145039433067 0.48998264314331297 0.29999529214894216 -1.578765403851095
0.63300000000000045 1.3545137504956448 0.4884029212477885 0.29849905938725202 -1.5806767943734714
0.63400000000000045 1.3548115045495766 0.48682129273226371 0.29701028911759336 -1.5825786517958469
0.63500000000000045 1.3551077735489687 0.48523776710604549 0.2955289441206318 -1.5844710236647557
0.63600000000000045 1.3554025649005621 0.4836523538310129 0.29405498736266555 -1.5863539572895931
0.63700000000000045 1.3556958859741555 0.48206506232185387 0.29258838199469872 -1.5882274997437977
0.63800000000000046 1.355987744102791 0.48047590194630008 0.29112909135152082 -1.5900916978660287
0.63900000000000046 1.3562781465829372 0.4788848820253615 0.28967707895078965 -1.5919465982613361
0.64000000000000046 1.3565671006746711 0.47729201183355929 0.28823230849211945 -1.5937922473023265
0.64100000000000046 1.3568546136018604 0.47569730059915849 0.28679474385617387 -1.5956286911303217
0.64200000000000046 1.3571406925523426 0.47410075750439673 0.28536434910376185 -1.5974559756565134
0.64300000000000046 1.357425344678107 0.47250239168571606 0.2839410884749401 -1.59927414656311
0.64400000000000046 1.3577085770954713 0.47090221223398987 0.28252492638811894 -1.6010832493044784
0.64500000000000046 1.3579903968852607 0.46930022819475048 0.28111582743917229 -1.6028833291082818
0.64600000000000046 1.3582708110929844 0.46769644856841586 0.27971375640055313 -1.604674430976609
0.64700000000000046 1.3585498267290126 0.4660908823105141 0.27831867822041245 -1.6064565996870996
0.64800000000000046 1.3588274507687506 0.46448353833190725 0.27693055802172284 -1.6082298797940648
0.64900000000000047 1.3591036901528137 0.46287442549901425 0.27554936110140749 -1.6099943156295993
0.65000000000000047 1.359378551787201 0.46126355263403229 0.27417505292947114 -1.6117499513046907
0.65100000000000047 1.3596520425434675 0.45965092851515865 0.27280759914813785 -1.6134968307103228
0.65200000000000047 1.3599241692588966 0.4580365618768083 0.27144696557099218 -1.6152349975185711
0.65300000000000047 1.3601949387366705 0.4564204614098335 0.27009311818212361 -1.6169644951836968
0.65400000000000047 1.3604643577460398 0.45480263576174051 0.26874602313527701 -1.6186853669432313
0.65500000000000047 1.3607324330224939 0.45318309353690567 0.26740564675300593 -1.6203976558190587
0.65600000000000047 1.360999171267929 0.45156184329679205 0.26607195552583102 -1.6221014046184896
0.65700000000000047 1.3612645791508147 0.4499388935601607 0.26474491611140227 -1.623796655935333
0.65800000000000047 1.3615286633063621 0.44831425280328618 0.26342449533366508 -1.6254834521509598
0.65900000000000047 1.3617914303366889 0.44668792946016689 0.26211066018203116 -1.6271618354353639
0.66000000000000048 1.3620528868109845 0.44505993192273707 0.26080337781055352 -1.628831847748214
0.66100000000000048 1.3623130392656742 0.44343026854107515 0.25950261553710474 -1.6304935308399053
0.66200000000000048 1.3625718942045832 0.4417989476236146 0.25820834084256006 -1.6321469262526016
0.66300000000000048 1.3628294580990983 0.44016597743734898 0.25692052136998483 -1.6337920753212745
0.66400000000000048 1.3630857373883301 0.43853136620804123 0.25563912492382507 -1.6354290191747363
0.66500000000000048 1.3633407384792746 0.4368951221204278 0.25436411946910303 -1.6370577987366683
0.66600000000000048 1.363594467746972 0.43525725331842313 0.25309547313061587 -1.6386784547266449
0.66700000000000048 1.3638469315346673 0.43361776790532391 0.25183315419213892 -1.6402910276611498
0.66800000000000048 1.3640981361539686 0.43197667394401229 0.25057713109563318 -1.6418955578545906
0.66900000000000048 1.3643480878850041 0.43033397945715524 0.24932737244045577 -1.6434920854203057
0.67000000000000048 1.3645967929765801 0.42868969242740751 0.24808384698257516 -1.6450806502715674
0.67100000000000048 1.3648442576463371 0.42704382079760994 0.2468465236337902 -1.6466612921225794
0.67200000000000049 1.3650904880809045 0.42539637247098816 0.24561537146095255 -1.6482340504894708
0.67300000000000049 1.3653354904360564 0.42374735531135066 0.24439035968519401 -1.6497989646912823
0.67400000000000049 1.3655792708368639 0.4220967771432842 0.24317145768115628 -1.6513560738509505
0.67500000000000049 1.36582183537785 0.42044464575235119 0.24195863497622566 -1.652905416896286
0.67600000000000049 1.3660631901231408 0.41879096888528311 0.24075186124977158 -1.6544470325609448
0.67700000000000049 1.3663033411066174 0.41713575425017391 0.23955110633238791 -1.6559809593853994
0.67800000000000049 1.3665422943320673 0.41547900951667405 0.23835634020513918 -1.6575072357179002
0.67900000000000049 1.3667800557733332 0.41382074231618104 0.23716753299880997 -1.6590258997154348
0.68000000000000049 1.3670166313744636 0.41216096024203064 0.23598465499315815 -1.6605369893446824
0.68100000000000049 1.3672520270498607 0.41049967084968664 0.23480767661617211 -1.6620405423829625
0.68200000000000049 1.367486248684429 0.40883688165692988 0.23363656844333106 -1.6635365964191791
0.6830000000000005 1.3677193021337213 0.40717260014404633 0.23247130119686951 -1.6650251888547616
0.6840000000000005 1.367951193224086 0.40550683375401353 0.23131184574504596 -1.6665063569045975
0.6850000000000005 1.3681819277528124 0.40383958989268742 0.23015817310141354 -1.6679801375979659
0.6860000000000005 1.368411511488276 0.40217087592898637 0.229010254424096 -1.6694465677794608
0.6870000000000005 1.3686399501700819 0.4005006991950768 0.22786806101506676 -1.6709056841099128
0.6880000000000005 1.3688672495092089 0.39882906698655551 0.22673156431943087 -1.6723575230673067
0.6890000000000005 1.3690934151881529 0.3971559865626324 0.22560073592471208 -1.6738021209476914
0.6900000000000005 1.3693184528610669 0.39548146514631211 0.2244755475601414 -1.6752395138660896
0.6910000000000005 1.369542368153905 0.39380550992457386 0.22335597109595109 -1.6766697377573991
0.6920000000000005 1.3697651666645607 0.39212812804855224 0.22224197854267141 -1.6780928283772916
0.6930000000000005 1.3699868539630091 0.39044932663371545 0.2211335420504304 -1.6795088213031064
0.69400000000000051 1.3702074355914435 0.38876911276004233 0.22003063390825803 -1.6809177519347409
0.69500000000000051 1.3704269170644163 0.38708749347220062 0.21893322654339334 -1.682319655495534
0.69600000000000051 1.3706453038689761 0.38540447577972348 0.21784129252059486 -1.6837145670331479
0.69700000000000051 1.370862601464804 0.3837200666571825 0.21675480454145546 -1.6851025214204434
0.69800000000000051 1.3710788152843514 0.38203427304436466 0.2156737354437189 -1.6864835533563527
0.69900000000000051 1.3712939507329749 0.38034710184644327 0.21459805820060135 -1.6878576973667463
0.70000000000000051 1.371508013189072 0.37865855993415343 0.21352774592011589 -1.6892249878052956
0.70100000000000051 1.3717210080042153 0.37696865414396075 0.21246277184439971 -1.690585458854333
0.70200000000000051 1.3719329405032861 0.37527739127823523 0.21140310934904538 -1.6919391445257055
0.70300000000000051 1.372143815984608 0.37358477810541912 0.21034873194243539 -1.6932860786616255
0.70400000000000051 1.3723536397200793 0.37189082136019747 0.20929961326507951 -1.6946262949355169
0.70500000000000052 1.3725624169553039 0.37019552774366504 0.20825572708895643 -1.6959598268528553
0.70600000000000052 1.3727701529097238 0.36849890392349582 0.20721704731685719 -1.6972867077520091
0.70700000000000052 1.3729768527767485 0.36680095653410794 0.20618354798173336 -1.6986069708050697
0.70800000000000052 1.3731825217238856 0.36510169217683042 0.20515520324604791 -1.6999206490186818
0.70900000000000052 1.3733871648928693 0.36340111742006775 0.20413198740112878 -1.7012277752348695
0.71000000000000052 1.3735907873997899 0.36169923879946508 0.20311387486652654 -1.702528382131856
0.71100000000000052 1.3737933943352203 0.35999606281807051 0.20210084018937488 -1.7038225022248819
0.71200000000000052 1.3739949907643443 0.3582915959464974 0.2010928580437539 -1.7051101678670164
0.71300000000000052 1.3741955817270837 0.35658584462308762 0.20008990323005771 -1.7063914112499681
0.71400000000000052 1.3743951722382224 0.35487881525407161 0.19909195067436364 -1.7076662644048879
0.71500000000000052 1.3745937672875339 0.35317051421372825 0.19809897542780572 -1.7089347592031714
0.71600000000000052 1.374791371839905 0.35146094784454496 0.19711095266595124 -1.7101969273572544
0.71700000000000053 1.3749879908354592 0.34975012245737536 0.19612785768817961 -1.7114528004214067
0.71800000000000053 1.3751836291896822 0.34803804433159802 0.1951496659170652 -1.7127024097925201
0.71900000000000053 1.3753782917935427 0.34632471971527279 0.19417635289776278 -1.713945786710894
0.72000000000000053 1.3755719835136158 0.34461015482529711 0.19320789429739604 -1.7151829622610162
0.72100000000000053 1.3757647091922052 0.34289435584756189 0.19224426590444976 -1.71641396737234
0.72200000000000053 1.3759564736474623 0.3411773289371054 0.19128544362816385 -1.7176388328200569
0.72300000000000053 1.376147281673509 0.33945908021826754 0.19033140349793132 -1.7188575892258675
0.72400000000000053 1.3763371380405554 0.33773961578484313 0.18938212166269941 -1.7200702670587449
0.72500000000000053 1.3765260474950205 0.33601894170023372 0.18843757439037276 -1.7212768966356982
0.72600000000000053 1.3767140147596511 0.33429706399759995 0.18749773806722031 -1.7224775081225296
0.72700000000000053 1.3769010445336383 0.33257398868001187 0.18656258919728508 -1.7236721315345891
0.72800000000000054 1.3770871414927359 0.33084972172059879 0.1856321044017965 -1.724860796737524
0.72900000000000054 1.3772723102893778 0.3291242690626992 0.18470626041858637 -1.7260435334480264
0.73000000000000054 1.3774565555527938 0.32739763662000909 0.18378503410150687 -1.7272203712345755
0.73100000000000054 1.3776398818891247 0.32566983027672936 0.18286840241985194 -1.7283913395181774
0.73200000000000054 1.3778222938815388 0.32394085588771393 0.18195634245778203 -1.7295564675731001
0.73300000000000054 1.3780037960903451 0.322210719278615 0.18104883141375042 -1.7307157845276055
0.73400000000000054 1.3781843930531084 0.32047942624602954 0.18014584659993382 -1.7318693193646784
0.73500000000000054 1.3783640892847622 0.31874698255764367 0.17924736544166478 -1.7330171009227491
0.73600000000000054 1.3785428892777216 0.31701339395237738 0.17835336547686756 -1.7341591578964171
0.73700000000000054 1.3787207975019959 0.31527866614052713 0.17746382435549657 -1.7352955188371653
0.73800000000000054 1.3788978184052996 0.3135428048039095 0.17657871983897738 -1.7364262121540772
0.73900000000000055 1.3790739564131649 0.31180581559600284 0.17569802979965091 -1.7375512661145442
0.74000000000000055 1.379249215929051 0.31006770414208873 0.17482173222022043 -1.738670708844974
0.74100000000000055 1.379423601334455 0.30832847603939251 0.17394980519320077 -1.7397845683314932
0.74200000000000055 1.3795971169890209 0.30658813685722319 0.17308222692037084 -1.7408928724206469
0.74300000000000055 1.3797697672306495 0.30484669213711291 0.17221897571222863 -1.7419956488200952
0.74400000000000055 1.3799415563756052 0.30310414739295499 0.17136002998744887 -1.7430929250993055
0.74500000000000055 1.3801124887186265 0.30136050811114234 0.17050536827234392 -1.7441847286902417
0.74600000000000055 1.38028256853303 0.29961577975070419 0.16965496920032627 -1.7452710868880508
0.74700000000000055 1.3804518000708201 0.29786996774344265 0.16880881151137475 -1.7463520268517438
0.74800000000000055 1.3806201875627946 0.2961230774940693 0.16796687405150321 -1.7474275756048767
0.74900000000000055 1.3807877352186488 0.29437511438033881 0.16712913577223124 -1.7484977600362239
0.75000000000000056 1.3809544472270834 0.29262608375318444 0.16629557573005824 -1.7495626069004522
0.75100000000000056 1.3811203277559072 0.29087599093685168 0.16546617308593972 -1.7506221428187885
0.75200000000000056 1.3812853809521419 0.28912484122903126 0.16464090710476631 -1.751676394279686
0.75300000000000056 1.3814496109421259 0.28737263990099127 0.16381975715484565 -1.7527253876394862
0.75400000000000056 1.3816130218316178 0.28561939219770949 0.16300270270738615 -1.7537691491230776
0.75500000000000056 1.3817756177058984 0.28386510333800441 0.16218972333598397 -1.7548077048245518
0.75600000000000056 1.3819374026298727 0.28210977851466512 0.16138079871611269 -1.7558410807078553
0.75700000000000056 1.3820983806481724 0.28035342289458187 0.16057590862461452 -1.7568693026074389
0.75800000000000056 1.3822585557852562 0.27859604161887486 0.15977503293919534 -1.7578923962289039
0.75900000000000056 1.3824179320455108 0.27683763980302256 0.15897815163792123 -1.7589103871496439
0.76000000000000056 1.3825765134133514 0.27507822253699099 0.15818524479871818 -1.7599233008194852
0.76100000000000056 1.3827343038533204 0.27331779488535823 0.15739629259887392 -1.7609311625613222
0.76200000000000057 1.3828913073101867 0.27155636188744414 0.15661127531454239 -1.7619339975717507
0.76300000000000057 1.383047527709045 0.26979392855743378 0.15583017332025051 -1.7629318309216986
0.76400000000000057 1.3832029689554135 0.26803049988450423 0.15505296708840785 -1.7639246875570511
0.76500000000000057 1.3833576349353316 0.26626608083294934 0.1542796371888181 -1.7649125922992763
0.76600000000000057 1.3835115295154565 0.26450067634230279 0.15351016428819345 -1.7658955698460439
0.76700000000000057 1.383664656543161 0.26273429132746284 0.15274452914967135 -1.7668736447718441
0.76800000000000057 1.3838170198466284 0.26096693067881405 0.15198271263233337 -1.7678468415286006
0.76900000000000057 1.3839686232349497 0.25919859926235045 0.15122469569072702 -1.7688151844462832
0.77000000000000057 1.3841194704982174 0.25742930191979685 0.15047045937438924 -1.769778697733515
0.77100000000000057 1.3842695654076207 0.25565904346872981 0.14971998482737281 -1.7707374054781788
0.77200000000000057 1.3844189117155401 0.25388782870269733 0.148973253287775 -1.7716913316480181
0.77300000000000058 1.3845675131556414 0.25211566239134098 0.14823024608726842 -1.7726405000912364
0.77400000000000058 1.3847153734429682 0.25034254928051269 0.14749094465063436 -1.7735849345370946
0.77500000000000058 1.3848624962740355 0.24856849409239445 0.1467553304952984 -1.7745246585965031
0.77600000000000058 1.3850088853269216 0.24679350152561641 0.14602338523086827 -1.7754596957626121
0.77700000000000058 1.3851545442613602 0.24501757625537368 0.14529509055867437 -1.7763900694113994
0.77800000000000058 1.3852994767188329 0.24324072293354493 0.14457042827131189 -1.7773158028022547
0.77900000000000058 1.385443686322658 0.24146294618880626 0.14384938025218583 -1.7782369190785614
0.78000000000000058 1.3855871766780834 0.2396842506267487 0.14313192847505835 -1.7791534412682737
0.78100000000000058 1.3857299513723758 0.23790464082999274 0.14241805500359747 -1.7800653922844947
0.78200000000000058 1.3858720139749092 0.23612412135830319 0.14170774199092934 -1.780972794926047
0.78300000000000058 1.3860133680372568 0.23434269674870256 0.14100097167919159 -1.7818756718780437
0.78400000000000059 1.3861540170932771 0.23256037151558506 0.14029772639908955 -1.7827740457124563
0.78500000000000059 1.3862939646592041 0.23077715015082911 0.13959798856945474 -1.7836679388886767
0.78600000000000059 1.3864332142337341 0.22899303712391017 0.13890174069680492 -1.7845573737540812
0.78700000000000059 1.3865717692981139 0.22720803688201152 0.1382089653749069 -1.785442372544588
0.78800000000000059 1.3867096333162268 0.22542215385013642 0.13751964528434174 -1.7863229573852124
0.78900000000000059 1.3868468097346809 0.22363539243121844 0.13683376319207113 -1.7871991502906217
0.79000000000000059 1.3869833019828937 0.22184775700623072 0.13615130195100711 -1.7880709731656841
0.79100000000000059 1.3871191134731786 0.22005925193429721 0.13547224449958309 -1.7889384478060166
0.79200000000000059 1.3872542476008296 0.21826988155280014 0.13479657386132735 -1.7898015958985309
0.79300000000000059 1.3873887077442075 0.21647965017748882 0.13412427314443887 -1.7906604390219738
0.79400000000000059 1.3875224972648221 0.21468856210258758 0.13345532554136461 -1.7915149986474685
0.7950000000000006 1.3876556195074192 0.21289662160090383 0.13278971432837966 -1.7923652961390499
0.7960000000000006 1.3877880778000613 0.21110383292393364 0.13212742286516913 -1.7932113527541995
0.7970000000000006 1.3879198754542128 0.20931020030196912 0.13146843459441182 -1.794053189644377
0.7980000000000006 1.3880510157648218 0.20751572794420348 0.13081273304136673 -1.7948908278555482
0.7990000000000006 1.3881815020104031 0.20572042003883628 0.13016030181346083 -1.7957242883287123
0.8000000000000006 1.3883113374531193 0.20392428075317892 0.12951112459987946 -1.7965535919004243
0.8010000000000006 1.3884405253388634 0.2021273142337574 0.12886518517115847 -1.797378759303317
0.8020000000000006 1.3885690688973396 0.20032952460641762 0.12822246737877838 -1.7981998111666182
0.8030000000000006 1.3886969713421429 0.19853091597642747 0.12758295515476112 -1.7990167680166673
0.8040000000000006 1.3888242358708416 0.19673149242857946 0.12694663251126767 -1.799829650277428
0.8050000000000006 1.3889508656650553 0.19493125802729372 0.12631348354019883 -1.8006384782709994
0.8060000000000006 1.3890768638905358 0.1931302168167186 0.12568349241279733 -1.8014432722181231
0.80700000000000061 1.3892022336972447 0.19132837282083193 0.12505664337925215 -1.80224405223869
0.80800000000000061 1.3893269782194342 0.18952573004354223 0.12443292076830482 -1.8030408383522425
0.80900000000000061 1.3894511005757237 0.18772229246878869 0.12381230898685751 -1.8038336504784744
0.81000000000000061 1.3895746038691783 0.18591806406063993 0.12319479251958351 -1.8046225084377305
0.81100000000000061 1.3896974911873874 0.18411304876339396 0.12258035592853893 -1.8054074319515008
0.81200000000000061 1.3898197656025397 0.18230725050167651 0.12196898385277695 -1.8061884406429138
0.81300000000000061 1.3899414301715023 0.18050067318053964 0.12136066100796383 -1.806965554037228
0.81400000000000061 1.3900624879358958 0.17869332068555766 0.12075537218599679 -1.8077387915623184
0.81500000000000061 1.3901829419221705 0.17688519688292659 0.12015310225462375 -1.8085081725491632
0.81600000000000061 1.390302795141682 0.17507630561955922 0.11955383615706508 -1.8092737162323274
0.81700000000000061 1.3904220505907678 0.17326665072318237 0.11895755891163706 -1.810035441750443
0.81800000000000062 1.3905407112508197 0.17145623600243143 0.11836425561137748 -1.8107933681466877
0.81900000000000062 1.3906587800883605 0.16964506524694589 0.11777391142367308 -1.8115475143692605
0.82000000000000062 1.3907762600551175 0.16783314222746504 0.11718651158988833 -1.8122978992718564
0.82100000000000062 1.3908931540880958 0.16602047069592119 0.11660204142499678 -1.8130445416141372
0.82200000000000062 1.3910094651096523 0.16420705438553385 0.1160204863172139 -1.8137874600622002
0.82300000000000062 1.3911251960275688 0.16239289701090298 0.1154418317276317 -1.8145266731890453
0.82400000000000062 1.391240349735124 0.16057800226810159 0.11486606318985529 -1.8152621994750393
0.82500000000000062 1.3913549291111669 0.15876237383476921 0.11429316630964113 -1.8159940573083777
0.82600000000000062 1.3914689370201876 0.1569460153702027 0.11372312676453757 -1.8167222649855441
0.82700000000000062 1.3915823763123898 0.15512893051544752 0.11315593030352622 -1.8174468407117688
0.82800000000000062 1.3916952498237618 0.15331112289339033 0.11259156274666601 -1.8181678026014823
0.82900000000000063 1.3918075603761473 0.1514925961088478 0.11203000998473861 -1.8188851686787697
0.83000000000000063 1.391919310777316 0.14967335374865764 0.11147125797889575 -1.8195989568778201
0.83100000000000063 1.3920305038210337 0.147853399381769 0.11091529276030813 -1.8203091850433757
0.83200000000000063 1.3921411422871319 0.14603273655932925 0.11036210042981637 -1.8210158709311777
0.83300000000000063 1.3922512289415785 0.1442113688147757 0.10981166715758339 -1.8217190322084098
0.83400000000000063 1.3923607665365454 0.142389299663922 0.10926397918274862 -1.8224186864541412
0.83500000000000063 1.3924697578104783 0.1405665326050467 0.10871902281308433 -1.8231148511597639
0.83600000000000063 1.3925782054881646 0.1387430711189801 0.10817678442465285 -1.8238075437294321
0.83700000000000063 1.3926861122808019 0.13691891866919281 0.10763725046146617 -1.8244967814804958
0.83800000000000063 1.3927934808860658 0.13509407870188062 0.10710040743514716 -1.8251825816439349
0.83900000000000063 1.3929003139881766 0.1332685546460517 0.10656624192459219 -1.8258649613647893
0.84000000000000064 1.393006614257968 0.13144234991361126 0.10603474057563564 -1.8265439377025874
0.84100000000000064 1.393112384352952 0.12961546789944856 0.10550589010071604 -1.8272195276317731
0.84200000000000064 1.3932176269173862 0.12778791198151973 0.10497967727854415 -1.8278917480421297
0.84300000000000064 1.3933223445823408 0.12595968552093439 0.10445608895377193 -1.8285606157392027
0.84400000000000064 1.3934265399657624 0.12413079186203757 0.10393511203666399 -1.8292261474447189
0.84500000000000064 1.3935302156725411 0.12230123433249496 0.10341673350277024 -1.8298883597970061
0.84600000000000064 1.393633374294575 0.12047101624337531 0.10290094039260035 -1.8305472693514075
0.84700000000000064 1.3937360184108352 0.1186401408892328 0.10238771981129971 -1.831202892580696
0.84800000000000064 1.3938381505874298 0.116808611548191 0.10187705892832705 -1.8318552458754869
0.84900000000000064 1.3939397733776684 0.11497643148202297 0.10136894497713371 -1.8325043455446459
0.85000000000000064 1.3940408893221263 0.11314360393623346 0.10086336525484432 -1.8331502078156994
0.85100000000000064 1.3941415009487073 0.11131013214014107 0.10036030712193972 -1.8337928488352371
0.85200000000000065 1.3942416107727071 0.10947601930695749 0.09985975800194026 -1.8344322846693184
0.85300000000000065 1.3943412212968769 0.10764126863386836 0.099361705381091875 -1.8350685313038722
0.85400000000000065 1.3944403350114845 0.10580588330211316 0.098866136808053132 -1.8357016046450974
0.85500000000000065 1.3945389543943785 0.10396986647706585 0.098373039893583855 -1.8363315205198609
0.85600000000000065 1.3946370819110481 0.10213322130831215 0.097882402310235525 -1.8369582946760921
0.85700000000000065 1.3947347200146867 0.10029595092972921 0.097394211792042898 -1.8375819427831774
0.85800000000000065 1.3948318711462515 0.098458058459564235 0.096908456134217794 -1.8382024804323525
0.85900000000000065 1.3949285377345264 0.096619547000511785 0.096425123192843368 -1.8388199231370903
0.86000000000000065 1.3950247221961809 0.094780419639791891 0.095944200884570896 -1.8394342863334912
0.86100000000000065 1.3951204269358317 0.092940679449227126 0.095465677186317641 -1.8400455853806665
0.86200000000000065 1.3952156543461018 0.091100329485318543 0.094989540134966216 -1.8406538355611248
0.86300000000000066 1.395310406807682 0.089259372789324054 0.094515777827065536 -1.8412590520811518
0.86400000000000066 1.3954046866893886 0.087417812387332372 0.094044378418533248 -1.8418612500711924
0.86500000000000066 1.3954984963482231 0.085575651290339172 0.093575330124359563 -1.8424604445862274
0.86600000000000066 1.3955918381294325 0.083732892494323918 0.093108621218312634 -1.8430566506061512
0.86700000000000066 1.395684714366566 0.081889538980322918 0.092644240032645639 -1.843649883036145
0.86800000000000066 1.3957771273815343 0.080045593714503926 0.092182174957804702 -1.8442401567070508
0.86900000000000066 1.3958690794846673 0.078201059648241866 0.091722414442138855 -1.8448274863757408
0.87000000000000066 1.3959605729747728 0.076355939718191213 0.091264946991611279 -1.8454118867254874
0.87100000000000066 1.3960516101391929 0.074510236846359712 0.090809761169511893 -1.84599337236633
0.87200000000000066 1.3961421932538609 0.072663953940181658 0.090356845596171409 -1.8465719578354396
0.87300000000000066 1.3962323245833597 0.070817093892590277 0.089906188948676843 -1.8471476575974834
0.87400000000000067 1.3963220063809774 0.068969659582090781 0.089457779960588693 -1.8477204860449852
0.87500000000000067 1.3964112408887632 0.067121653872830755 0.089011607421658812 -1.848290457498686
0.87600000000000067 1.3965000303375852 0.065273079614674101 0.088567660177550508 -1.8488575862079017
0.87700000000000067 1.3965883769471832 0.063423939643269867 0.08812592712955955 -1.84942188635088
0.87800000000000067 1.3966762829262278 0.061574236780124636 0.087686397234336716 -1.8499833720351535
0.87900000000000067 1.3967637504723727 0.059723973832672472 0.087249059503611739 -1.8505420572978939
0.88000000000000067 1.3968507817723113 0.057873153594345972 0.086813903003918599 -1.8510979561062615
0.88100000000000067 1.3969373790018307 0.056021778844644654 0.086380916856322085 -1.8516510823577554
0.88200000000000067 1.3970235443258661 0.054169852349206016 0.085950090236145943 -1.8522014498805612
0.88300000000000067 1.3971092798985547 0.052317376859872811 0.085521412372702332 -1.8527490724338953
0.88400000000000067 1.3971945878632905 0.050464355114763659 0.085094872549022302 -1.8532939637083499
0.88500000000000068 1.3972794703527776 0.048610789838340773 0.084670460101588005 -1.8538361373262355
0.88600000000000068 1.3973639294890818 0.046756683741477678 0.084248164420066191 -1.8543756068419208
0.88700000000000068 1.3974479673836866 0.044902039521528048 0.083827974947042805 -1.8549123857421717
0.88800000000000068 1.3975315861375432 0.043046859862391207 0.083409881177759132 -1.8554464874464887
0.88900000000000068 1.3976147878411254 0.041191147434581854 0.082993872659849088 -1.855977925307442
0.89000000000000068 1.3976975745744795 0.03933490489529512 0.082579938993078222 -1.8565067126110062
0.89100000000000068 1.3977799484072786 0.03747813488847207 0.082168069829083229 -1.857032862576891
0.89200000000000068 1.3978619113988724 0.035620840044868318 0.081758254871113559 -1.8575563883588735
0.89300000000000068 1.3979434655983405 0.03376302298211864 0.081350483873773902 -1.858077303045125
0.89400000000000068 1.3980246130445415 0.03190468630480181 0.080944746642768101 -1.85859561965854
0.89500000000000068 1.3981053557661662 0.030045832604505884 0.080541033034644258 -1.8591113511570607
0.89600000000000068 1.3981856957817869 0.028186464459893923 0.080139332956541104 -1.8596245104340017
0.89700000000000069 1.3982656350999081 0.026326584436767941 0.079739636365935798 -1.8601351103183714
0.89800000000000069 1.3983451757190166 0.024466195088132414 0.079341933270392698 -1.8606431635751939
0.89900000000000069 1.3984243196276325 0.02260529895425889 0.078946213727313808 -1.8611486829058264
0.90000000000000069 1.3985030688043572 0.020743898562749497 0.078552467843689883 -1.861651680948279
0.90100000000000069 1.3985814252179245 0.018881996428599335 0.078160685775853347 -1.8621521702775288
0.90200000000000069 1.3986593908272487 0.01701959505426065 0.077770857729232062 -1.862650163405835
0.90300000000000069 1.3987369675814743 0.015156696929704117 0.077382973958104589 -1.8631456727830522
0.90400000000000069 1.3988141574200239 0.013293304532481898 0.076997024765356428 -1.8636387107969401
0.90500000000000069 1.3988909622726475 0.011429420327788709 0.076613000502237585 -1.8641292897734749
0.90600000000000069 1.3989673840594707 0.0095650467685250984 0.076230891568121642 -1.8646174219771567
0.90700000000000069 1.3990434246910421 0.0077001862953569589 0.07585068841026528 -1.8651031196113159
0.9080000000000007 1.3991190860683811 0.0058348413367774743 0.075472381523569707 -1.8655863948184186
0.9090000000000007 1.3991943700830265 0.0039690143091677399 0.075095961450343099 -1.8660672596803702
